0 0.167176 0.177188 0.047328 0.024390
0 0.380153 0.205882 0.054962 0.030129
1 0.335878 0.238164 0.033588 0.025825
0 0.414504 0.236011 0.032061 0.027260
0 0.504580 0.143472 0.032061 0.025825
0 0.360305 0.360115 0.036641 0.040172
0 0.251908 0.642037 0.030534 0.030129
0 0.251145 0.680057 0.025954 0.028694
0 0.418321 0.680057 0.030534 0.034433
0 0.377099 0.776184 0.030534 0.031564
0 0.472519 0.835007 0.035115 0.025825
1 0.077863 0.271162 0.024427 0.080344
1 0.138931 0.350072 0.051908 0.014347
1 0.261832 0.348637 0.047328 0.017217
1 0.456489 0.347202 0.054962 0.022956
1 0.539695 0.304878 0.029008 0.035868
1 0.230534 0.576040 0.021374 0.012912
1 0.308397 0.579627 0.045802 0.014347
1 0.358779 0.581062 0.051908 0.017217
1 0.458015 0.579627 0.051908 0.008608
