0 0.168702 0.181492 0.038168 0.030129
0 0.335878 0.240316 0.033588 0.030129
0 0.382443 0.204448 0.038168 0.035868
0 0.412977 0.139885 0.035115 0.030129
0 0.416031 0.238164 0.038168 0.034433
0 0.506107 0.146341 0.041221 0.028694
0 0.252672 0.645624 0.032061 0.034433
0 0.251145 0.682927 0.032061 0.025825
0 0.298473 0.776901 0.038168 0.032999
0 0.374809 0.777618 0.038168 0.037303
0 0.472519 0.837159 0.035115 0.032999
0 0.484733 0.753945 0.035115 0.035868
0 0.649618 0.611908 0.038168 0.030129
0 0.719847 0.607604 0.038168 0.018651
0 0.722137 0.637733 0.024427 0.030129
1 0.232061 0.043759 0.051908 0.024390
1 0.464122 0.043759 0.054962 0.024390
1 0.138168 0.351506 0.035115 0.022956
1 0.080916 0.283357 0.015267 0.081779
1 0.262595 0.349354 0.036641 0.015782
1 0.355725 0.350072 0.061069 0.020086
0 0.358779 0.367288 0.039695 0.031564
1 0.459542 0.352224 0.045802 0.010043
1 0.229008 0.581062 0.027481 0.005739
1 0.335878 0.580344 0.097710 0.018651
1 0.464122 0.580344 0.045802 0.012912
1 0.871756 0.553802 0.012214 0.028694
1 0.873282 0.619799 0.015267 0.028694
1 0.874046 0.688666 0.019847 0.020086
1 0.873282 0.756098 0.024427 0.028694
