0 0.342322 0.132507 0.059415 0.069191
0 0.343236 0.456919 0.064899 0.080940
0 0.239031 0.440601 0.070384 0.058747
0 0.344607 0.819843 0.078611 0.067885
0 0.342779 0.917102 0.069470 0.058747
0 0.672303 0.505222 0.081353 0.078329
1 0.688757 0.160574 0.110603 0.044386
1 0.454753 0.158616 0.174589 0.048303
1 0.030165 0.327023 0.029250 0.160574
1 0.029707 0.552219 0.028336 0.156658
1 0.027879 0.754569 0.030165 0.112272
1 0.027879 0.949086 0.030165 0.101828
1 0.815814 0.687337 0.030165 0.332898
1 0.811700 0.937990 0.029250 0.124021
