0 0.057711 0.398968 0.055286 0.063422
0 0.292919 0.392330 0.040737 0.061947
0 0.394762 0.640118 0.044617 0.073746
0 0.419496 0.479351 0.041707 0.064897
0 0.845781 0.412242 0.042677 0.078171
0 0.869059 0.521386 0.052376 0.057522
0 0.588749 0.634956 0.050436 0.078171
0 0.638215 0.636431 0.040737 0.075221
0 0.723569 0.800885 0.048497 0.058997
0 0.809893 0.747788 0.044617 0.056047
0 0.848691 0.640118 0.040737 0.073746
1 0.131911 0.517699 0.093113 0.038348
0 0.424345 0.194690 0.057226 0.073746
1 0.628031 0.132743 0.198836 0.011799
1 0.881183 0.132006 0.082444 0.010324
1 0.515519 0.873156 0.099903 0.017699
1 0.668283 0.872419 0.065955 0.022124
1 0.774491 0.871681 0.043647 0.017699
1 0.877789 0.873894 0.073715 0.022124
0 0.307953 0.778761 0.047527 0.082596
0 0.395732 0.778761 0.048497 0.079646
1 0.227934 0.420354 0.021339 0.088496
0 0.339476 0.402655 0.046557 0.053097
1 0.358390 0.479351 0.012609 0.058997
