0 0.236111 0.232625 0.063492 0.059846
0 0.530754 0.236486 0.125000 0.055985
0 0.559524 0.453668 0.059524 0.057915
0 0.613095 0.407336 0.039683 0.042471
0 0.690476 0.379344 0.051587 0.052124
0 0.744048 0.289575 0.055556 0.057915
0 0.815476 0.399614 0.047619 0.050193
0 0.685516 0.448842 0.045635 0.048263
0 0.681548 0.504826 0.041667 0.048263
0 0.679563 0.948842 0.045635 0.067568
0 0.769841 0.950772 0.059524 0.071429
0 0.935516 0.589768 0.057540 0.048263
1 0.057540 0.176641 0.023810 0.110039
1 0.276786 0.525097 0.323413 0.042471
1 0.437500 0.044402 0.125000 0.030888
1 0.606151 0.043436 0.121032 0.017375
1 0.779762 0.040541 0.130952 0.015444
1 0.919643 0.352317 0.029762 0.059846
1 0.915675 0.461390 0.017857 0.050193
