0 0.150857 0.410794 0.025110 0.054416
0 0.101236 0.645406 0.027102 0.061552
0 0.085891 0.733720 0.025110 0.052632
0 0.185532 0.224353 0.024312 0.052632
0 0.366879 0.676628 0.029095 0.061552
0 0.366879 0.846566 0.024312 0.060660
0 0.797330 0.445584 0.021124 0.040143
0 0.842367 0.486619 0.023515 0.049063
0 0.935432 0.429081 0.027900 0.066012
0 0.398167 0.215879 0.033479 0.062444
0 0.368872 0.760928 0.023515 0.099911
0 0.409127 0.507136 0.022718 0.050847
0 0.471702 0.548171 0.019530 0.052632
0 0.386409 0.557092 0.014747 0.052632
0 0.410323 0.556200 0.031487 0.050847
0 0.185532 0.637377 0.024312 0.059768
1 0.146871 0.251561 0.036269 0.016057
1 0.348346 0.250223 0.040654 0.025870
1 0.445994 0.200268 0.036668 0.027654
0 0.499801 0.475468 0.027102 0.071365
0 0.392387 0.417038 0.049821 0.049063
1 0.252292 0.710080 0.040654 0.012489
1 0.152650 0.708296 0.036668 0.023194
1 0.110203 0.490187 0.018733 0.052632
