0 0.234558 0.256117 0.057318 0.090766
0 0.295214 0.398579 0.062883 0.093133
0 0.240679 0.390292 0.048414 0.071823
0 0.254591 0.612470 0.071786 0.093133
0 0.783528 0.392660 0.057874 0.084451
0 0.677796 0.094317 0.057874 0.095501
0 0.605454 0.078532 0.066778 0.155485
0 0.916528 0.057616 0.072343 0.097869
0 0.832220 0.774665 0.065109 0.097080
0 0.195882 0.645620 0.066778 0.096290
0 0.832220 0.930545 0.068447 0.107340
0 0.973567 0.247040 0.052866 0.105762
1 0.589872 0.303078 0.035615 0.138911
1 0.589872 0.498027 0.035615 0.142068
1 0.585420 0.734412 0.023372 0.187056
