0 0.151654 0.419715 0.025110 0.043711
0 0.151654 0.495094 0.015544 0.071365
0 0.101036 0.637377 0.024312 0.049063
0 0.390992 0.414362 0.046234 0.054416
0 0.407931 0.507136 0.015544 0.054416
0 0.473695 0.552632 0.021921 0.047279
0 0.384416 0.556200 0.023515 0.050847
0 0.367278 0.677520 0.021921 0.063336
0 0.368075 0.741748 0.020327 0.036574
0 0.366082 0.786351 0.024312 0.041927
0 0.366481 0.849688 0.025110 0.050847
0 0.395775 0.217663 0.033479 0.062444
1 0.157832 0.709188 0.048625 0.021409
1 0.251295 0.700268 0.032284 0.014273
1 0.444998 0.710080 0.032284 0.016057
1 0.444599 0.205174 0.033081 0.010705
1 0.165604 0.251561 0.068952 0.023194
0 0.935034 0.421499 0.030291 0.065120
0 0.843563 0.481713 0.033878 0.055308
