0 0.132614 0.158363 0.031726 0.039146
0 0.097081 0.326512 0.036802 0.055160
0 0.146574 0.329181 0.031726 0.046263
0 0.152919 0.417260 0.039340 0.048043
0 0.142766 0.491993 0.041878 0.069395
0 0.359137 0.716192 0.053299 0.058719
0 0.306472 0.780249 0.049492 0.062278
0 0.459391 0.711744 0.045685 0.060498
0 0.625635 0.710854 0.038071 0.062278
0 0.791244 0.515125 0.044416 0.069395
0 0.788071 0.370107 0.043147 0.071174
0 0.306472 0.280249 0.052030 0.058719
1 0.144670 0.087189 0.038071 0.017794
1 0.307741 0.085409 0.021574 0.021352
1 0.053299 0.518683 0.010152 0.080071
1 0.056472 0.680605 0.008883 0.051601
1 0.151650 0.826512 0.082487 0.019573
0 0.274746 0.881673 0.069797 0.076512
1 0.501269 0.899466 0.088832 0.026690
1 0.661802 0.894128 0.079949 0.026690
1 0.926396 0.641459 0.017766 0.072954
